00001110000000000000000000000000000000000000000000000000000000000000000000000
00000000000000000000000000000010000000000000000000000000000000000000000000000
00000000000000000000000000000000000000000000000000000000010000001100000000000
10000000001000000000000000000000000000000000000000000000000000000000000000000
00000000000000000000000000000000000000000000000000000000000000000000000000100
01000000000010000000000000000000000000000000000000000000000000000000000000000
00001000000000000000000000000000000000000000000000000000000000000000000000000
00000001000000000000000000000000000000000000000000000000000000000000000000000
00000000000000000000000000000000000000000000000000000000000000000000100001111
01000000000010000000000000000000000000000000000000000000000000000000000000000
00001000000000000000000000000000000000000000000000000000000000000000000000000
00000000100000000000000000000000000000000000000000000000000000000001000001111
01000000000010000000000000000000000000000000000000000000000000000000000000000
00001000000000000000000000000000000000000000000000000000000000000000000000000
00000000010000000000000000000000000000000000000000000000000000000000000000000
00000000000000000000000000000000000000000000000000000000000000001011100000000
00000000000001000000000000000000000000000000000000000000000000000001100010000
00000000000000000000000000000000000000000000000000000000000000000001110001001
01100000000000000001000000000000000000000000000000000000000000000000000000000
00001000000000000000000000000000000000000000000000000000000000000000000000000
01100000000000100001000000000000000000000000000000000000000000000000000000000
00001000000000000000000000000000000000000000000000000000000000000000000000000
00000000000000010000000000000000000000000000000000000000000000000000000000000
00000000000000000000010000000000000000000000000000000000000000000000000000000
01100000000000000001000000000000000000000000000000000000000000000000000000000
00001000000000000000000000000000000000000000000000000000000000000000000000000
01100000000000100001000000000000000000000000000000000000000000000000000000000
00001000000000000000000000000000000000000000000000000000000000000000000000000
00000000000000010000000000000000000000000000000000000000000000000000000000000
00000000001000000000000000000000000000000000000000000000000000000001110001001
00000000000000000000001000000000000000000000000000000000000000000001110001001
00000000000000000000000100000000000000000000000000000000000000000001110001001
00000000000000000000000010000000000000000000000000000000000000000001110001001
00000000000000000000000001000000000000000000000000000000000000000001110001001
00000000000000000000000000000000000000000000000000000000000000000010010001001
00000000001100000000000000101000000000000000000000000000000000000001110001001
00000000000000000000000000000000000000000000000000000000000000000010110001001
00000000001100000000000000101000000000000000000000000000000000000001110001001
00000000000000000000000000000000000000000000000000000000000000000011010001001
00000000001100000000000000101000000000000000000000000000000000000001110001001
00000000000000000000000000000000000000000000000000000000000000000011110001001
00000000001100000000000000101000000000000000000000000000000000000001110001001
00000000000000000000000000000000000000000000000000000000000000000100010001001
00000000001100000000000000101000000000000000000000000000000000000001110001001
00000000000000000000000000000000000000000000000000000000000000000100110001001
00000000001100000000000000101000000000000000000000000000000000000001110001001
00000000000000000000000000000000000000000000000000000000000000000101010001001
00000000001100000000000000101000000000000000000000000000000000000001110001001
00000000000000000000000000000000000000000000000000000000000000000101110001001
00000000001100000000000000101000000000000000000000000000000000000001110001001
00000000000000000000000000000000000000000000000000000000000000000110010001001
00000000001100000000000000101000000000000000000000000000000000000001110001001
00000000000000000000000000000000000000000000000000000000000000000110110001001
00000000001100000000000000101000000000000000000000000000000000000001110001001
00000000001100000000000000101000000000000000000000000000000000000001110001001
00000000000000000000000000000100000000000000000000000000000000000000000000000
00000000000000000000000000000000000000000000000000000000000000000111010001001
00000000001100000000000000101000000000000000000000000000000000000001110001001
00000000000000000000000000000100000000000000000000000000000000000000000000000
00000000000000000000000000000000000000000000000000000000000000000111110001001
00000000001100000000000000101000000000000000000000000000000000000001110001001
00000000000000000000000000000100000000000000000000000000000000000000000000000
00000000000000000000000000000000000000000000000000000000000000001000010001001
00000000001100000000000000101000000000000000000000000000000000000001110001001
00000000000000110010100000000000000000000000000000000000000000000000000000000
01101100000000000000000000000000000000000000000000000000000000000000000000000
00000000000000000000100000000010000000000000000000000000000000000000000000000
01101010000000000000000000000000000000000000000000000000000000000000000000000
00000000000000000000000000000010000000000000000000000000000000000000000000000
00000000001100000000000000101000000000000000000000000000000000000001110001001
00000000000000110010100000000000000000000000000000000000000000000000000000000
01101100000000000000000000000000000000000000000000000000000000000000000000000
00000000000000000000100000000010000000000000000000000000000000000000000000000
01101010000000000000000000000000000000000000000000000000000000000000000000000
00000000000000000000000000000010000000000000000000000000000000000000000000000
00000000000000110100100000000000000000000000000000000000000000000000000000000
01101100000000000000000000000000000000000000000000000000000000000000000000000
00000000000000000000100000000010000000000000000000000000000000000000000000000
01101010000000000000000000000000000000000000000000000000000000000000000000000
00000000000000000000000000000010000000000000000000000000000000000000000000000
00000000001100000000001000101000000000000000000000000000000000000001100000100
00000000000000000000000000000000111000111000000000000000000000000001110001001
00000000000000000000000000000000101000111000000000000000000000000001110001001
00000000000000000000000000000000000001111000000000000000000000000001110001001
00000000000000000000000000000000001001111000000000000000000000000001110001001
00000000000000000000000000000001001010111000000000000000000000000001110001001
00000000000000000000000000000001010010111000000000000000000000000001110001001
00000000000000000000000000000001001100111000000000000000000000000001110001001
00000000000000000000000000000001010011111000000000000000000000000001110001001
00000000000000000000000000000000000000000000000000000000000000000001110001001
00000000000000000000000000000001010100111000000000000000000000000001110001001
00000000000000000000000000000001001000111000000000000000000000000001110001001
00000000000000000000000000000001010000111000000000000000000000000001110001001
01100000000000000001000000000000000000000000000000000000000000000000000000000
00001000000000000000000000000000000000000000000000000000000000000000000000000
01100000000000100001000000000000000000000000000000000000000000000000000000000
00001000000000000000000000000000000000000000000000000000000000000000000000000
00000000000000010000000000000000000000000000000000000000000000000000000000000
00000000000000000000000000000000000000100000000000000000000000000001110001001
00000000000000110000100000000000000000000000000001000000000000000000000000000
01101100000000000000000000000000000000000000000000000000000000000000000000000
00000000000000000000100000000010000000000000000000000000000000000000000000000
01101010000000000000000000000000000000000000000000000000000000000000000000000
00000000000000000000000000000010000000000000000000000000000000000001110001001
00000000000000000000000000000000000000111000000000000000000000000001110001001
00000000000000000000000000000000001000111000000000000000000000000001110001001
00000000000000000000000000000001011000111000000000000000000000000001110001001
00000000000000000000000000000000010000111000000000000000000000000001110001001
00000000000000000000000000000000011000111000000000000000000000000001110001001
00000000000000000000000000000000100000111000000000000000000000000001110001001
00000000000000000000000000000000001000010000000000000000000000000001110001001
00000000000000000000000000000000010000010000000000000000000000000001110001001
00000000000000000000000000000000000000000000000000000000000000001000110001000
00000000000000000000000000000000000000000111000000000000000000000000000000000
00000000000000000000000000000000001000010000011010000000000000000000000000000
00000000000000000000000000000000000000000000000000000000000000001001001110010
00000000000000000000000000000000000000000000101010000000000000000000000000000
00000000000000000000000000000000000000000110001110000000000000000001110001001
00000000000000111110000000000000000000000000000000000000000000000000000000000
00000000000000000000000000000000000000100000000000000000000000000001110001001
01010000000000000000000000000000000000000000000000000000000000000000000000000
00001000000000000000000000000000000000000000000000000000000000000000000000000
00000000000000100000000000000000000000000000000000000000010000000000000000000
00001000000000000000000000000000000000000000000000000000000000000000000000000
00000000000000010000000000000000000000000000000000000000000000000000000000000
00000000000000000000000000000000000000100000000000000000000000000001110001001
01010000000000110000000000000000000000000000000001000000000000000000000000000
00001010000000000000000000000000000000000000000000000000000000000000000000000
00000000000000000000000000000010000000000000000000000000000000000000000000000
00001100000000000000000000000000000000000000000000000000010000000000000000000
00000000000000000000000000000010000000000000000000000000000000000001110001001
00000000000000000000000000000000110000101000000000000000000000000000000000000
00000000000000000000000000000000101000101000000000000000000000000001110001001
00000000000000000000000000000000000000000000001100000000000000000001110001001
00000000000000000000000000000000000000000000000000100000000000000001110001001
00000000000000000000000000000000000000000000000000010000000000000001110001001
00000000000000000000000000000000000000000000000000001000000000000000000000000
00000000000000000000000000000000000000000000000000000000000000001001110001011
00000000000000000000000000000000000000000000000000000110101000000001110010001
00000000000000000000000000000000000000000000000000000000000000001010010001101
00000000000000000000000000000000000000000000000000000111000100000001110010001
00000000000000000000000000000000000000000000000000000000000000001010110001111
00000000000000000000000000000000000000000000000000000111100010000001110010001
00000000000000000000000000000000000000000000000000000000000000001011000000100
00000000000000000000000000000000000000000000000000000100000000000000000000000
00000000000000110010100000000000000000000000000000000000000000000000000000000
01101100000000000000000000000000000000000000000000000000000000000000000000000
00000000000000000000100000000010000000000000000000000000000000000000000000000
01101010000000000000000000000000000000000000000000000000000000000000000000000
00000000000000110100100000000010000000000000000000000000000000000000000000000
01101100000000000000000000000000000000000000000000000000000000000000000000000
00000000000000000000100000000010000000000000000000000000000000000000000000000
01101010000000000000000000000000000000000000000000000000000000000000000000000
00000000000000000000000000000010000000000000000000000000000000000000000000000
01110000000000000000000000000000000000000000000000000000000000000000000000000
00001000000000000000000000000000000000000000000000000000000000000000000000000
00000000000000100000000000000000000000000000000000000000010000000000000000000
00001000000000000000000000000000000000000000000000000000000000000000000000000
00000000000000010000000000000000000000000000000000000000000000000000000000000
00000000001000000000001000000000000000000000000000000000000000000001100000100
